9.20581885918	10.0062195805
9.20581877131	10.0062195812
9.20581795299	10.0062195878
9.20581790613	10.0062195882
9.20581907955	10.0062195787
9.20581759728	10.0062195907
9.20581886887	10.0062195804
9.20581889519	10.0062195802
9.2058178343	10.0062195888
9.2058188094	10.0062195809
9.20581904936	10.0062195791
9.2058187557	10.0062195813
9.20581794529	10.0062195879
9.20581883302	10.0062195807
9.20581773385	10.0062195896
9.2058188148	10.0062195808
9.20581795697	10.0062195878
9.20581769055	10.0062195899
5.0444587466	3.06336151898
9.20581787458	10.0062195884
9.20581910627	10.0062195785
9.20581906887	10.0062195788
9.20581888713	10.0062195803
9.20581880902	10.0062195809
9.20581890951	10.0062195801
9.20581778839	10.0062195891
9.2058177733	10.0062195893
9.2058187536	10.0062195813
9.20581909619	10.0062195786
9.20581900716	10.0062195793
9.20581895256	10.0062195797
9.20581788478	10.0062195884
9.2058178962	10.0062195883
9.20581774723	10.0062195895
9.20581893874	10.0062195798
9.20581768211	10.00621959
9.205817958	10.0062195878
9.20581898252	10.0062195795
9.20581881184	10.0062195809
9.2058179287	10.006219588
5.04445730683	3.06336150449
5.04445733138	3.06336149484
5.04445723535	3.06336150492
5.04445730641	3.06336150462
5.0444574739	3.06336150404
5.04445741502	3.06336150473
5.04445899263	3.06336155859
5.04445745359	3.06336150002
5.04445896114	3.0633615102
5.04445733798	3.06336150309
5.0444585929	3.06336150943
5.04445872673	3.06336151028
5.04445750049	3.06336150542
5.04445874927	3.06336150949
5.04445752068	3.06336150409
5.04445753183	3.06336195815
5.04445760078	3.06336150611
5.04445861572	3.06336151074
5.04445863372	3.06336150974
5.04445890652	3.06336150838
5.04445877192	3.06336151024
5.04445865407	3.06336150983
5.04445726777	3.06336150697
5.04445720824	3.06336150268
5.04445719632	3.06336152698
5.04445888718	3.06336150856
5.04445862757	3.06336154289
5.04445901114	3.06336151184
5.04445872305	3.0633615104
5.04445883138	3.06336151048
5.04445757307	3.06336150501
5.04445716637	3.06336149957
5.04445898524	3.06336151381
5.0444584963	3.06336138576
5.04445753356	3.06336150405
5.04445717392	3.06336150234
5.04445883834	3.06336151045
5.04445754867	3.06336150277
5.04445731094	3.06336150051
5.04445886813	3.06336150993
5.04445717269	3.06336150413
5.04445859572	3.06336150895
5.04445860694	3.0633615125
5.04445737005	3.06336150459
5.04445752454	3.06336150654
5.04445855837	3.06336151228
5.04445864029	3.06336150993
5.04445734737	3.06336150349
5.0444587192	3.06336150741
5.04445870266	3.06336150994
-4.10844289229	5.39692469375
-4.10844421454	5.39692572728
-4.10844280072	5.3969246221
-4.10844288421	5.39692468739
-4.10844263197	5.39692449024
-4.10844422154	5.39692573274
-4.10844427422	5.39692577395
-4.1084425401	5.39692441831
-4.10844287337	5.39692467871
-4.10844405773	5.39692560473
-4.10844290889	5.39692470704
-4.10844253643	5.39692441559
-4.1084427171	5.39692455677
-4.10844259463	5.39692446101
-4.1084427955	5.39692461807
-4.10844405765	5.39692560465
-4.10844435009	5.39692583473
-4.10844265334	5.39692450685
-4.1084426804	5.3969245281
-4.10844441884	5.39692588784
-4.10844403061	5.39692558352
-4.10844431354	5.39692580469
-4.10844426931	5.39692577013
-4.10844288438	5.39692468752
-4.10844441367	5.39692588297
-4.10844400948	5.39692569486
-4.10844409959	5.39692563745
-4.10844403483	5.39692558682
-4.1084442877	5.39692578449
-4.10844268362	5.39692453053
-4.10844288314	5.39692468675
5.04445745476	3.06336150499
-4.10844404277	5.39692559303
-4.10844433291	5.3969258211
-4.10844269273	5.39692453772
