0.586493700386
0.630472483343
0.0865722004973
0.633183161387
0.433206397303
0.0590828007149
0.205946440751
0.399364993213
0.653413958372
0.657929611913
0.118073209029
0.661686112875
0.653215240717
0.353683086223
0.574921841776
0.101765926605
0.289324062691
0.634051316965
0.567855514878
0.654590876
0.444789831406
0.0196815751551
0.608093455268
0.641412009627
0.459725351784
0.534143860392
0.519000397482
0.262450398372
0.444640726752
0.131928967764
0.482290758822
0.0180148236806
0.205346547041
0.024564895536
0.058735428802
0.59277537988
0.472427471591
0.219677227497
0.649326448075
0.0191298716094
0.306491722631
0.254078575257
0.542107422272
0.57052152526
0.147194196733
0.357764031353
0.313571924308
0.439725609679
0.485349774783
0.530988762714
0.205000993036
0.46043742162
0.444426024752
0.123221474058
0.0786989329656
0.365445651383
0.654741930147
0.229305412442
0.41587620986
0.177626098491
0.527444246051
0.195977722011
0.371845008275
0.476071814374
0.625296978401
0.654470486085
0.399541573278
0.0984003767525
0.109447031984
0.197129754929
0.60357270309
0.195582071829
0.586163540848
0.1899634264
0.639373702966
0.234063590021
0.156053599664
0.193987280647
0.426726250401
0.341971125429
0.234952437422
0.597646101698
0.415874895092
0.400844913539
0.634595189004
0.208650696218
0.533586865844
0.529997140332
0.253251852516
0.409181896178
0.0422288326967
0.0286149566029
0.389973049049
0.555665000644
0.64141972502
0.0895057289562
0.409595677121
0.338071600164
0.0103557308666
0.227807917142
0.122780856071
0.21753935451
0.126326617708
0.199619953376
0.467792763844
0.318717061941
0.181127129084
0.112649193265
0.39460075331
0.0438732439546
0.0670996729126
0.00779964378927
0.588406353075
0.0485023565836
0.198225960312
0.298986058826
0.142419071916
0.105549189675
0.617256767461
0.400914763875
0.61003913326
0.23457516179
0.270622455278
0.187909294883
0.144391885984
0.284942385099
0.629397180135
0.358770311102
0.228077543544
0.245429655913
0.556711347595
0.188930753755
0.0581620786816
0.645149418737
0.412137935353
0.184830647837
0.591200334743
0.0230312761829
0.44117115568
0.440458608584
0.399432415316
0.520618778193
0.465846013933
0.244930363852
0.556687647352
0.639425112788
0.355010826996
0.314814927665
0.373909135535
0.588643556319
0.438726110637
0.58409870468
0.234455645725
0.619870149587
0.429163956481
0.165503691304
0.339610798115
0.60555918528
0.179079625959
0.180255708282
0.217499098336
0.297762645571
0.630152980829
0.306621216854
0.19739073935
0.419265463905
0.422019746784
0.176171989655
0.212462035186
0.291702472526
0.0493293130757
0.575544110607
0.639202127477
0.356699583847
0.186354411728
0.656792886354
0.383449958026
0.356966298112
0.46001920617
0.244250720666
0.0205819029289
0.633150676169
0.0600849750238
0.227020855281
0.0962720948428
0.0671986517886
0.361757483285
0.490710312689
0.625303708209
0.475783843897
0.0174750757343
0.366875284564
0.630097406722
0.427329294169
0.579260011031
0.143451095636
0.623749924629
0.357889752883
0.667416975465
0.367259500265