0.14775373355
0.00398001740511
0.000835229892491
0.0220082426241
0.0974390008997
0.00214524261775
0.00110904644926
0.000288344686147
0.0144453174674
0.0105096136804
0.00128611109362
0.165192671949
0.166234136428
0.00753865470859
0.00068084520878
0.00040300417167
0.000326937453316
0.00529346990051
0.00481604060894
0.00970982450222
0.189985637788
0.000510944713996
0.00173597499239
0.0157597541858
0.00590888267995
0.000688981194578
0.0130453041618
0.00135526380587
0.00177134953691
0.134654737945
0.00399868134109
0.0665282128962
0.00671057526158
0.00338977580268
0.000676454518491
0.00233777069101
0.150903400823
0.0136732095149
0.00163406033278
0.00360857433104
0.00112352449314
0.00034707433246
0.0042528005042
0.387188290672
0.00415469897582
0.00279315226806
0.0017060706012
0.00325327321048
0.000338695437272
0.00860839781338
0.00308332178896
0.000819466478097
0.267346560991
0.000301087291181
0.00296004610901
0.00209944012091
0.00138604957168
0.000297831176858
0.436995818844
0.557565486047
0.0159414696121
0.00186978559019
0.00079151635216
0.000234347188098
0.392823877573
0.008675658975
0.00456175732709
0.000602010402835
0.00338430997459
0.00124992553539
0.184334177653
0.0127189144284
0.00260456772959
0.0373739833801
0.00334745965211
0.00197049623941
0.000866072748623
0.192084241472
0.0289155039997
0.212129491425
0.000904889274813
0.000570154613723
0.00150117236809
0.000449004947994
0.0971847745123
0.000283847313185
0.00428241969736
0.00093893660907
0.00297297374264
0.000242290840766
0.000578630954205
0.0215978613994
0.0572124459461
0.000444544742635
0.001565434519
0.0531473698615
0.402629384159
0.00207468927676
0.0279699230814
0.594505563585
1.0
1.0
1.0
1.0
0.343697322542
1.0
1.0
0.9999999996
1.0
1.0
1.0
0.999999989996
0.997432715617
1.0
1.0
1.0
1.0
0.563202151825
1.0
0.999999999222
1.0
0.877037790976
0.995754221535
0.99999759467
0.991170337817
0.994773414449
0.946021214037
0.999999978438
1.0
0.999999999999
0.999487892009
1.0
0.999849401588
1.0
0.999994187861
0.999969279258
0.97401980829
0.999993060764
0.998430217864
1.0
0.999588041089
1.0
1.0
1.0
0.999906514209
0.959406258859
1.0
0.999997291349
1.0
0.854687300988
1.0
0.999999990373
0.887993032604
0.999999999992
0.999998624068
1.0
1.0
0.999999588982
1.0
0.999986442018
0.99983480537
0.971391549694
0.999909214569
0.999999998025
1.0
0.999995363344
1.0
0.999999034107
0.999999999514
0.99421662704
0.999889727767
0.991285510027
0.986227245495
0.999999999089
0.988302677585
0.999732057248
1.0
0.995543956036
0.993184182179
1.0
0.999883134748
0.99873423966
1.0
0.999929454502
0.999998014408
0.977230921714
0.968621534036
1.0
1.0
0.999999999995
1.0
0.997744531571
1.0
1.0
0.970216254162
1.0
1.0
0.998964077477
0.911190968306
1.0