1.0	35.948492239
1.0	18.3498185807
1.0	12.9128829323
1.0	56.3373298525
1.0	24.0113890082
1.0	8.5548721614
1.0	11.0407053778
1.0	13.9386288296
1.0	48.1247798553
1.0	15.5038950532
1.0	7.27098962122
1.0	21.2429333469
1.0	12.2722571675
1.0	15.2904110776
1.0	33.2739589705
1.0	11.8584522379
1.0	13.9849022404
1.0	39.769782465
1.0	47.3380621504
1.0	20.6283521667
0.0	0.0
0.0	0.0
0.0	0.0
0.0	0.0
0.0	0.0
0.0	0.0
0.0	0.0
0.0	0.0
0.0	0.0
0.0	0.0
0.0	0.0
0.0	0.0
0.0	0.0
0.0	0.0
0.0	0.0
0.0	0.0
0.0	0.0
0.0	0.0
0.0	0.0
0.0	0.0
3.0	10.0796143083
3.0	14.4332069968
3.0	3.55368238863
3.0	10.0065297376
3.0	0.619796247658
3.0	22.9720915052
3.0	0.676022360653
3.0	12.2977920857
3.0	22.7833643711
3.0	19.956135288
3.0	30.3207865031
3.0	27.9052165877
3.0	3.9512662894
3.0	18.296156799
3.0	0.814047265255
3.0	15.653133979
3.0	9.90934717046
3.0	18.5346206104
3.0	31.1287390175
3.0	14.7680178924
2.0	0.946071989569
2.0	33.0787448715
2.0	7.00920970472
2.0	19.233277198
2.0	22.4587026106
2.0	53.6499794713
2.0	11.6641937218
2.0	23.8539878608
2.0	16.6036460398
2.0	24.2875989272
2.0	11.8469548479
2.0	58.8171759571
2.0	7.74758319817
2.0	10.0654192242
2.0	3.17680383228
2.0	3.12908358626
2.0	26.8576821485
2.0	12.6727880649
2.0	18.5400530384
2.0	19.0029224955
